,bwa-aln_E467,bwa-aln_L163,bwa-aln_M6,bwa-aln_oimyakon,variant-graph-all_E467,variant-graph-all_L163,variant-graph-all_M6,variant-graph-all_oimyakon,variant-graph-mammoth-only_E467,variant-graph-mammoth-only_L163,variant-graph-mammoth-only_M6,variant-graph-mammoth-only_oimyakon
0.0,8093868,7822302,7855530,7905883,8080907,7781072,7828475,8011287,8031304,7735862,7785952,7979321
0.1,228040,203855,183963,135915,230847,216786,190283,100339,261875,242582,213901,109353
0.2,80179,144942,132793,178862,74410,135579,126071,153129,87810,150999,139528,165110
0.3,131840,202594,199820,218249,121498,191128,186757,192960,130670,201392,195786,203467
0.4,281274,361678,370093,307906,271771,367254,363673,262311,283139,379400,375829,272654
0.5,451563,556790,572470,597418,425409,530631,547549,609935,443096,552765,568057,633415
0.6,359204,448488,448429,378037,346965,444779,443717,320817,374012,476884,471498,342834
0.7,301648,430391,425439,632703,262268,369507,384997,645534,306837,426953,433877,689754
0.8,927685,1295932,1330101,2344179,874821,1199564,1267335,2408730,1000968,1379864,1415071,2526349
0.9,16724835,9651415,12166731,8821594,17717502,10778012,12908988,8296883,18209613,11399459,13369733,8506680
